19.459
23.039
18.285
11.267
7.505
4.792
23.028
21.067
18.59
20.762
25.464
31.209
17.048
15.363
16.098
20.752
72.129
0.0
27.742
21.125
19.428
13.896
7.937
4.862
23.356
16.727
20.149
22.053
14.04
24.302
14.008
17.353
15.861
23.046
46.836
95.038
19.958
13.597
20.248
15.479
3.867
3.934
15.172
19.99
16.302
17.648
9.459
12.591
19.951
11.559
13.396
12.951
39.018
87.742
24.977
17.771
21.075
13.267
19.999
6.206
16.437
20.914
12.739
13.157
9.035
13.626
14.44
11.947
11.092
9.13
17.888
57.058
20.469
13.45
15.904
19.512
21.725
17.406
6.469
19.246
13.729
10.156
9.191
3.702
17.7
15.199
10.927
14.151
8.244
19.726
16.848
18.585
15.342
13.786
14.525
23.034
22.037
18.6
23.667
12.74
16.601
17.894
26.998
15.394
17.573
15.395
14.466
6.105
