1.024
1.213
0.962
0.626
0.834
0.958
1.212
1.109
0.978
1.153
1.819
3.901
0.897
0.853
0.894
1.596
4.508
0.0
1.46
1.112
1.023
0.772
0.882
1.215
1.229
0.88
1.06
1.225
1.17
3.038
0.737
0.913
0.881
1.356
3.345
6.336
1.05
0.716
1.066
0.815
0.43
0.983
0.799
1.052
0.858
0.929
0.946
1.259
1.05
0.608
0.744
0.809
2.787
5.849
1.315
0.935
1.109
0.698
1.111
1.241
0.865
1.101
0.67
0.692
0.753
1.514
0.76
0.629
0.584
0.609
1.626
5.187
1.077
0.708
0.837
1.027
1.143
0.967
0.34
1.013
0.723
0.535
0.541
0.617
0.932
0.8
0.575
0.745
0.916
2.818
0.887
0.978
0.807
0.726
0.764
1.212
1.16
0.979
1.246
0.671
0.874
0.994
1.421
0.81
0.925
0.81
0.761
0.509
