0.428
0.236
0.504
0.883
0.585
0.442
0.236
0.333
0.483
0.292
0.03
0.0
0.587
0.637
0.586
0.078
0.0
0.0
0.089
0.33
0.43
0.736
0.54
0.302
0.222
0.608
0.386
0.23
0.298
0.002
0.783
0.566
0.602
0.148
0.0
0.0
0.397
0.807
0.38
0.692
0.92
0.415
0.712
0.395
0.637
0.546
0.489
0.247
0.398
0.904
0.768
0.676
0.0
0.0
0.161
0.538
0.333
0.825
0.333
0.287
0.628
0.342
0.852
0.83
0.7
0.136
0.757
0.888
0.921
0.871
0.084
0.0
0.367
0.815
0.664
0.424
0.298
0.495
0.997
0.441
0.799
0.949
0.934
0.717
0.543
0.71
0.926
0.775
0.51
0.006
0.6
0.484
0.701
0.796
0.752
0.236
0.282
0.483
0.209
0.852
0.617
0.463
0.105
0.697
0.551
0.697
0.756
0.911
