1.154
0.527
0.877
0.84
1.466
1.231
0.583
0.973
1.453
2.131
6.385
7.633
0.642
1.844
3.752
9.779
30.214
0.0
0.863
0.57
1.365
1.191
0.782
1.3
1.284
1.035
1.156
1.654
4.509
11.058
0.422
1.204
2.458
5.788
21.327
17.218
0.884
1.286
0.901
0.711
1.181
1.061
0.975
0.441
1.095
1.914
2.836
8.664
0.738
1.063
1.804
3.643
15.739
22.894
0.778
1.005
0.604
0.494
0.948
0.81
0.658
0.724
1.846
1.476
2.261
6.539
1.06
1.271
1.189
2.862
8.324
17.039
1.102
1.047
0.54
0.558
0.728
0.894
0.984
0.836
0.671
0.844
1.069
3.55
0.727
0.702
1.013
1.354
3.623
6.331
0.513
1.115
1.023
0.684
0.732
0.974
0.851
0.85
1.116
1.045
0.568
1.638
0.865
0.712
0.508
1.16
1.878
2.36
