21.933
9.489
15.782
14.275
16.126
7.385
11.08
16.538
24.701
36.229
102.155
83.959
12.193
31.351
60.025
136.902
392.787
0.0
16.395
10.256
24.572
21.442
7.818
7.801
24.392
17.599
19.647
29.773
72.136
110.585
8.021
19.264
39.329
104.183
298.581
241.057
16.801
23.156
16.222
12.797
11.812
5.305
18.517
7.935
18.609
32.534
45.371
86.639
14.024
18.067
28.869
61.928
204.605
320.51
14.781
19.087
10.864
8.893
16.111
4.861
12.509
13.028
31.381
25.084
24.87
52.309
20.136
21.601
19.026
45.789
99.887
187.434
20.947
19.885
10.259
10.043
13.107
16.097
18.694
15.876
12.074
14.354
18.165
24.852
13.804
13.338
16.208
21.665
43.474
50.65
9.75
21.176
19.435
12.997
13.17
17.526
16.178
16.147
21.2
18.808
9.648
31.12
16.437
13.519
9.152
18.555
31.929
28.317
