3.159
3.268
3.296
3.311
3.297
3.3
3.453
3.557
3.57
3.596
3.583
3.534
3.503
3.585
3.622
3.662
3.614
2.443
3.134
3.258
3.284
3.308
3.29
3.302
3.423
3.552
3.563
3.584
3.573
3.532
3.499
3.578
3.613
3.654
3.658
3.604
3.11
3.237
3.278
3.305
3.272
3.309
3.344
3.524
3.554
3.582
3.566
nan
3.485
3.574
3.597
3.626
3.659
3.614
3.069
3.217
3.261
3.289
3.265
3.296
3.285
3.481
3.542
3.571
3.549
nan
3.449
3.555
3.583
3.617
3.642
3.604
3.08
3.157
3.226
3.255
3.247
3.262
3.235
3.454
3.49
3.543
3.515
3.488
3.347
3.499
3.554
3.582
3.61
3.575
3.062
3.107
3.174
3.208
3.259
3.222
3.129
3.319
3.443
3.477
3.51
3.436
3.29
3.469
3.5
3.541
3.576
3.56
