0.288
0.947
0.608
0.648
0.137
0.287
0.921
0.486
0.102
0.004
0.0
0.0
0.877
0.018
0.0
0.0
0.0
0.0
0.631
0.923
0.137
0.258
0.647
0.253
0.182
0.415
0.293
0.04
0.0
0.0
0.986
0.255
0.001
0.0
0.0
0.0
0.603
0.185
0.577
0.804
0.298
0.38
0.488
0.98
0.351
0.013
0.0
0.0
0.782
0.385
0.025
0.0
0.0
0.0
0.736
0.451
0.9
0.962
0.516
0.562
0.863
0.79
0.018
0.093
0.01
0.0
0.386
0.201
0.267
0.0
0.0
0.0
0.34
0.402
0.946
0.93
0.785
0.586
0.477
0.666
0.843
0.642
0.379
0.001
0.795
0.821
0.439
0.154
0.0
0.0
0.959
0.327
0.429
0.839
0.781
0.487
0.645
0.647
0.326
0.404
0.918
0.039
0.628
0.811
0.956
0.292
0.015
0.005
