116.348
115.734
120.172
116.677
115.317
116.295
214.837
213.88
218.072
225.606
223.358
227.327
323.971
327.132
329.655
323.384
325.093
328.075
91.629
94.008
91.465
95.216
93.587
92.924
172.667
169.828
168.963
182.519
182.51
184.865
257.471
256.936
258.271
262.734
260.279
264.284
71.346
69.079
70.021
69.722
70.137
67.763
129.6
127.774
129.898
138.736
135.349
135.274
193.378
198.569
195.172
196.157
193.972
197.559
53.507
51.308
52.793
53.096
50.674
52.305
93.114
95.57
96.212
98.99
95.461
94.101
136
136.406
137.231
137.586
137.331
137.24
29.333
29.261
29.232
27.334
28.937
29.197
44.822
44.691
43.715
43.378
43.993
44.179
65.498
65.22
66.376
66.776
66.109
65.582
13.743
11.939
11.895
13.211
13.202
13.079
26.588
27.275
25.414
25.638
24.379
25.225
37.041
35.747
34.84
35.251
35.548
34.472
