0.568
0.709
0.864
0.805
0.895
0.875
0.879
1.044
0.995
1.082
1.319
0.953
0.819
0.896
1.23
1.234
1.221
-8.999003320157906e+29
0.595
0.666
0.75
0.817
0.943
0.87
0.914
1.018
0.819
1.125
1.338
1.063
0.81
1.093
1.248
1.219
1.228
1.468
0.517
0.695
0.704
0.779
0.972
0.837
0.974
1.026
0.909
1.012
1.35
11.247
0.769
0.964
0.949
1.247
1.087
1.416
0.349
0.65
0.653
0.847
0.58
0.821
0.568
0.991
1.025
1.142
1.25
10.985
0.624
0.975
1.064
1.258
1.174
1.186
-0.023
0.585
0.625
0.896
1.0
0.821
0.261
0.909
1.077
1.045
1.357
1.028
0.359
0.838
1.099
1.191
1.18
1.045
-0.178
0.438
0.592
0.83
1.223
0.715
0.104
0.596
0.935
1.059
1.17
1.075
-0.015
0.733
0.868
0.961
1.038
1.056
