0.773
0.815
0.817
0.818
0.818
0.818
0.822
0.832
0.836
0.839
0.841
0.835
0.83
0.837
0.841
0.845
0.842
0.0
0.692
0.814
0.817
0.817
0.818
0.818
0.792
0.831
0.835
0.837
0.84
0.835
0.826
0.837
0.839
0.845
0.844
0.839
0.67
0.812
0.816
0.817
0.817
0.817
0.715
0.83
0.832
0.837
0.839
0.834
0.766
0.837
0.838
0.84
0.842
0.839
0.394
0.804
0.814
0.817
0.816
0.817
0.623
0.828
0.831
0.835
0.837
0.833
0.729
0.834
0.837
0.839
0.841
0.838
0.281
0.769
0.801
0.814
0.814
0.815
0.53
0.804
0.828
0.832
0.832
0.833
0.651
0.83
0.834
0.837
0.838
0.836
0.215
0.616
0.765
0.797
0.812
0.814
0.468
0.673
0.813
0.828
0.83
0.826
0.561
0.741
0.83
0.833
0.835
0.835
