0.051
0.054
0.056
0.054
0.058
0.057
0.04
0.031
0.031
0.032
0.033
0.059
0.038
0.031
0.031
0.032
0.074
0.026
0.052
0.052
0.054
0.054
0.06
0.057
0.041
0.031
0.03
0.031
0.033
0.063
0.038
0.031
0.031
0.032
0.032
0.032
0.054
0.053
0.053
0.053
0.061
0.056
0.043
0.031
0.03
0.031
0.033
nan
0.038
0.031
0.031
0.032
0.032
0.032
0.047
0.052
0.051
0.055
0.05
0.055
0.06
0.04
0.031
0.032
0.036
nan
0.037
0.031
0.031
0.032
0.032
0.031
0.045
0.051
0.051
0.057
0.06
0.057
0.059
0.04
0.032
0.031
0.032
0.062
0.065
0.038
0.031
0.031
0.031
0.03
0.045
0.052
0.051
0.055
0.032
0.051
0.052
0.059
0.04
0.041
0.032
0.065
0.061
0.038
0.038
0.031
0.031
0.031
